4294967294,0
4294967278,359
4294967278,169
389,6
4294967279,68
4294967279,166
181,70
4294967279,160
4294967278,271
181,69
181,45
181,38
181,68
389,5
389,2
4294967279,69
4294967279,168
4294967278,264
389,4
4294967279,147
4294967279,136
181,67
360,5
359,9
359,6
4294967278,177
4294967279,169
341,2
341,6
341,4
341,5
4294967279,267
4294967279,246
181,66
4294967279,273
4294967279,155
387,4
4294967278,368
399,0
400,0
4294967279,262
269,157
269,156
325,308
325,307
325,306
325,54
185,224
4294967279,156
185,223
4294967278,139
269,155
269,154
269,153
325,50
325,305
4294967279,284
325,304
185,222
4294967279,253
5,146
5,145
185,221
269,152
269,151
325,303
325,302
325,301
384,4
4294967279,49
185,220
5,144
4294967278,170
4294967279,165
4294967279,164
5,143
185,219
5,142
5,141
4294967279,150
4294967278,361
4294967279,135
5,140
4294967278,289
4294967278,358
4294967279,48
4294967279,44
383,7
383,2
4294967278,353
4294967279,45
4294967279,43
383,6
383,5
383,4
269,150
269,149
269,148
325,300
325,299
4294967279,38
4294967278,149
325,298
4294967279,148
185,218
4294967278,147
4294967279,141
185,217
5,40
5,39
5,139
4294967279,35
382,4
269,147
269,146
325,297
325,296
325,295
325,294
325,293
185,216
185,215
424,11
424,0
269,145
269,144
4294967278,354
325,292
4294967279,146
325,291
185,214
5,138
5,137
185,213
4294967278,143
269,143
269,142
325,290
325,289
185,212
4294967279,211
5,136
4294967279,34
4294967279,316
5,135
185,211
5,134
5,133
5,132
4294967279,366
4294967278,524
269,141
269,140
4294967278,33
325,288
4294967278,133
185,210
4294967279,286
4294967279,30
185,209
5,131
4294967278,31
4294967279,31
269,139
269,138
269,137
325,287
4294967279,237
325,286
325,285
325,284
325,0
185,208
185,207
4294967278,247
4294967279,29
4294967279,345
4294967278,28
4294967279,229
4294967279,386
4294967279,25
4294967278,26
4294967279,26
4294967278,21
269,136
269,135
4294967279,199
4294967278,350
325,320
325,283
325,282
325,281
325,280
185,206
5,130
4294967278,348
5,127
185,205
4294967294,1106
4294967278,347
4294967279,249
269,134
269,133
325,279
325,278
325,277
4294967279,280
185,204
5,126
4294967279,196
5,125
185,203
5,124
5,129
4294967278,278
5,123
4294967278,265
4294967279,14
265,7
265,0
265,1
265,6
269,132
269,131
325,276
325,275
185,202
4294967279,289
185,201
5,122
4294967278,336
4294967278,335
379,4
269,130
269,0
269,129
269,127
325,274
325,273
325,272
325,271
325,270
185,200
4294967279,274
185,199
4294967278,351
4294967278,8
269,128
269,126
269,125
4294967279,377
325,269
325,53
325,52
325,268
325,267
325,266
325,265
325,264
185,198
5,121
5,120
4294967278,168
185,197
4294967279,375
4294967279,131
269,124
269,123
325,263
325,262
325,261
325,260
325,259
325,258
185,196
5,119
4294967279,234
5,118
185,195
5,117
5,0
5,128
5,116
168,4
121,2
4294967278,349
343,7
359,11
359,10
359,8
165,8
166,7
166,8
170,8
157,8
356,8
356,7
360,8
160,7
160,8
158,7
158,8
159,7
159,8
161,7
161,8
269,122
269,121
121,5
121,6
325,257
185,194
4294967279,368
185,193
185,0
5,115
4294967279,230
269,120
269,119
325,256
325,255
4294967278,134
325,254
185,192
4294967278,253
185,191
4294967279,220
4294967279,218
4294967279,205
4294967278,334
4294967278,572
4294967278,341
4294967278,569
4294967279,97
4294967279,302
269,118
269,117
325,253
325,252
325,251
325,250
4294967278,151
325,249
185,190
5,114
5,113
185,189
4294967279,89
4294967278,562
4294967278,560
4294967279,300
4294967279,417
287,2
4294967278,557
254,4
254,5
370,6
252,4
287,13
287,12
287,11
287,10
287,9
287,7
287,6
287,5
4294967278,556
400,14
4294967279,206
400,13
227,5
4294967278,340
269,116
269,115
269,114
4294967279,287
4294967278,34
4294967278,32
4294967278,27
4294967278,25
4294967278,19
4294967279,33
4294967279,27
325,248
325,51
325,247
325,47
325,246
325,245
325,244
4294967278,257
185,188
5,112
4294967279,419
5,111
4294967279,232
185,187
4294967279,288
5,110
5,109
4294967279,209
5,108
4294967294,176
4294967279,17
4294967278,547
226,2
143,4
359,4
343,8
176,4
136,8
136,5
136,4
359,5
4294967279,129
4294967279,124
269,113
269,112
4294967294,1392
4294967294,1488
4294967294,1489
4294967294,1577
4294967294,1379
4294967294,1473
196,2
4294967294,1472
4294967294,478
4294967294,501
4294967294,480
4294967294,1569
4294967294,1570
4294967294,1576
4294967294,1483
4294967294,1484
121,4
4294967294,497
4294967294,1005
4294967294,473
4294967294,474
4294967294,511
4294967294,1567
4294967294,494
4294967294,1572
333,6
333,8
226,8
226,7
226,5
226,4
325,243
325,242
185,186
4294967278,542
185,185
5,107
4294967279,99
269,111
269,110
325,241
325,240
325,239
325,238
325,237
185,184
185,183
5,38
5,5
4294967279,277
4294967278,148
269,109
269,108
325,236
325,46
325,235
325,49
185,182
5,106
5,105
185,181
269,107
269,106
325,234
325,45
325,233
325,232
325,231
185,180
5,104
5,103
185,179
5,102
5,101
5,100
399,16
269,105
269,104
269,103
325,230
325,229
185,178
185,177
5,99
4294967279,197
358,5
358,4
269,102
269,101
325,319
325,228
325,227
185,176
4294967279,204
185,175
4294967278,566
269,100
269,99
325,226
185,174
5,98
5,97
185,173
4294967278,346
399,15
4294967278,333
4294967278,561
4294967278,538
4294967278,537
4294967278,344
4294967279,361
4294967279,374
269,98
269,97
4294967278,29
4294967278,16
4294967278,15
4294967278,14
4294967278,11
4294967279,119
4294967279,117
325,225
325,224
325,223
185,172
5,96
5,95
185,171
5,94
5,93
5,92
399,14
4294967279,86
4294967279,80
4294967279,11
269,96
269,95
325,222
185,170
5,91
185,169
5,90
4294967278,559
4294967294,1368
4294967294,1609
269,94
269,93
269,92
325,221
325,220
325,219
325,218
185,168
185,167
4294967278,150
4294967294,163
4294967294,1514
4294967294,36
4294967294,39
181,65
181,0
4294967278,157
174,6
147,8
269,91
269,90
269,89
325,217
325,216
325,215
185,166
5,89
4294967279,216
5,88
5,87
185,165
4294967294,1099
4294967279,215
185,164
182,2
181,64
181,44
4294967278,251
4294967278,208
181,14
417,7
417,0
4294967278,171
4294967278,159
4294967278,249
4294967278,243
325,48
325,44
185,163
4294967279,349
4294967278,239
4294967278,276
4294967278,245
181,43
424,10
325,214
185,162
5,86
182,8
182,7
182,6
182,4
269,88
269,87
325,213
325,212
325,211
325,210
325,209
4294967294,1607
185,161
5,85
5,84
5,83
4294967278,206
185,160
5,82
4294967278,550
185,159
4294967278,244
181,42
181,41
181,40
417,6
417,5
4294967278,570
325,208
4294967294,1364
326,2
185,158
325,207
4294967279,357
4294967294,1608
181,39
181,29
155,7
181,37
4294967278,209
400,12
400,11
4294967279,418
4294967278,236
269,86
269,85
325,206
325,205
325,204
185,157
185,156
5,81
269,84
269,83
4294967278,240
325,203
325,202
185,155
5,80
185,154
5,79
4294967294,1104
4294967278,235
4294967279,360
4294967278,332
181,36
269,82
269,81
4294967278,220
325,201
4294967278,218
4294967278,216
185,153
5,78
5,77
185,152
5,76
185,151
4294967278,214
400,10
269,80
269,79
269,78
325,200
325,199
325,198
325,197
4294967278,231
185,150
5,75
5,74
5,73
185,149
4294967278,567
4294967279,207
4294967278,198
4294967278,162
4294967278,215
3,45
3,43
3,41
3,39
136,7
4294967279,210
269,77
269,76
4294967278,197
325,196
325,195
185,148
185,147
4294967278,207
269,75
269,74
325,42
325,194
5,72
185,146
4294967279,420
185,145
4294967294,1093
181,35
4294967278,173
185,144
5,71
4294967279,198
4294967278,167
4294967278,165
154,7
325,190
5,70
4294967278,175
181,34
4294967278,166
424,9
4294967278,164
269,73
269,72
4294967294,1605
4294967278,158
4294967278,154
325,189
325,188
325,187
185,143
5,69
5,68
185,142
5,67
5,66
399,13
399,12
4294967278,179
185,141
326,8
326,6
4294967278,221
181,33
325,186
4294967294,1602
145,2
185,140
4294967278,190
3,46
3,18
3,44
3,42
3,40
3,20
3,16
3,11
3,8
269,71
269,70
3,17
325,185
325,40
325,184
325,183
136,9
185,139
5,65
5,64
5,37
5,36
185,138
5,35
399,11
59,2
4294967278,156
206,8
206,7
206,4
269,69
269,68
269,67
4294967278,160
136,6
4294967278,153
325,193
325,182
4294967278,152
325,181
185,137
5,4
185,136
269,66
269,65
4294967278,155
4294967278,146
325,180
325,179
5,34
185,135
5,33
185,134
4294967294,1014
4294967294,1009
181,32
181,31
181,30
4294967278,219
325,178
185,133
181,28
181,20
325,177
202,6
181,27
327,2
4294967278,270
3,38
3,37
3,36
3,35
3,34
3,33
3,32
3,31
4294967279,416
185,132
181,26
4294967278,135
325,176
3,19
3,13
3,9
3,5
325,175
344,26
344,0
325,174
4294967279,275
185,131
181,25
325,173
4294967279,270
5,32
4294967294,1603
181,24
325,192
4294967278,35
185,130
4294967278,342
325,172
325,171
325,170
325,169
325,168
325,167
325,166
4294967278,24
185,129
325,165
181,23
185,128
325,164
344,25
325,163
3,30
3,29
3,28
3,27
3,26
3,25
3,24
3,23
325,162
3,15
3,14
3,12
3,10
325,161
185,127
325,160
185,126
325,159
344,24
4294967278,552
181,22
4294967279,272
325,158
325,157
325,156
344,23
185,125
4294967278,22
325,5
325,155
325,154
325,153
325,152
325,151
185,124
325,150
325,149
325,148
185,123
181,21
4294967278,194
4294967278,259
4294967279,258
181,15
181,19
325,147
325,146
185,122
4294967278,224
325,145
325,144
4294967278,258
344,22
344,1
344,21
325,143
325,142
185,121
325,141
325,140
181,18
325,43
325,41
325,139
325,7
325,6
325,138
185,120
325,137
325,136
359,98
359,0
181,17
325,135
185,119
269,64
269,37
269,36
325,134
325,133
325,132
5,31
185,118
5,30
185,117
5,29
126,2
325,131
4294967294,1543
344,2
4294967279,279
4294967278,263
185,116
325,130
4294967278,213
4294967278,212
185,115
269,35
269,34
344,20
344,19
344,18
344,17
344,16
344,15
344,14
344,13
344,12
344,11
344,10
344,9
344,8
344,7
344,6
344,4
344,5
347,4
325,129
325,128
325,127
325,126
4294967278,189
185,114
5,28
5,27
5,26
4294967278,141
4294967278,140
185,113
325,125
4294967278,186
269,33
269,32
325,124
4294967278,142
325,123
185,112
5,25
185,111
4294967278,211
181,16
4294967278,203
269,31
269,30
269,29
325,122
325,121
4294967278,184
325,120
4294967278,183
325,119
325,118
185,110
185,109
5,24
269,28
269,27
269,26
4294967279,413
325,117
325,191
5,23
185,108
185,107
5,22
399,10
4294967278,575
185,106
4294967278,232
181,13
0,7
181,5
269,25
269,24
325,116
325,115
325,114
343,4
343,5
5,21
185,105
5,20
5,19
5,18
5,17
4294967279,263
185,104
4294967278,226
181,12
400,9
4294967278,188
4294967278,172
269,23
269,22
325,113
325,112
325,111
325,110
325,109
4294967279,281
185,103
4294967278,205
5,16
5,15
