269,296
269,295
325,373
325,372
325,371
185,407
5,273
185,406
5,272
5,271
5,270
269,294
269,293
269,292
325,370
325,369
325,368
185,405
5,269
5,268
185,404
400,21
269,291
269,290
325,367
325,366
185,403
185,402
269,289
269,288
325,365
5,267
185,401
5,266
185,400
269,287
269,286
325,364
325,56
325,363
325,362
325,45
325,361
185,399
5,265
5,264
185,398
5,263
5,262
269,320
269,285
269,284
325,360
325,359
325,358
325,357
325,356
185,397
5,261
185,396
5,260
400,20
269,283
269,282
325,355
325,354
325,353
325,352
325,351
185,395
185,394
269,281
269,280
325,350
325,349
325,348
325,347
185,46
185,45
5,259
185,6
185,393
5,258
5,257
185,392
269,279
269,278
325,346
325,345
325,344
325,343
185,391
5,255
185,390
5,254
5,253
400,19
269,277
269,276
325,342
185,389
5,252
185,388
269,275
269,274
269,273
325,341
325,447
325,340
325,339
185,387
5,251
185,386
5,250
269,272
269,271
325,338
325,337
325,336
325,335
5,249
185,385
5,248
185,384
269,270
269,269
325,334
5,247
185,383
5,246
185,382
5,245
5,244
269,268
265,12
269,267
269,266
265,11
325,333
325,332
325,331
325,330
325,55
325,54
325,51
325,50
185,381
5,243
5,242
5,241
5,240
185,380
269,265
269,264
269,263
325,329
325,328
325,327
325,326
5,239
185,379
5,238
185,44
185,378
185,41
5,237
5,236
400,18
269,262
269,261
325,325
325,324
325,323
325,322
325,321
185,377
5,235
185,376
5,234
269,260
269,259
325,319
325,318
5,233
185,375
5,232
185,374
5,231
5,230
269,258
269,255
325,317
185,373
5,229
5,256
185,372
269,254
269,253
325,316
325,53
325,52
325,315
185,371
185,370
5,228
269,252
269,251
269,250
325,314
325,313
325,312
185,369
5,227
185,368
400,17
400,16
269,249
269,248
269,247
325,311
325,310
5,226
185,367
5,225
185,366
5,224
5,223
269,246
269,245
325,309
325,308
185,365
5,222
5,221
185,364
269,244
269,243
325,307
325,306
325,305
325,304
325,303
185,363
185,362
5,220
269,242
269,241
325,302
325,301
325,300
325,299
185,361
5,219
185,360
269,257
269,240
269,239
325,298
5,218
185,359
5,217
185,358
5,216
5,215
269,238
269,237
325,297
325,296
325,295
325,294
325,293
185,357
5,214
5,213
185,356
269,236
269,235
325,292
325,291
325,290
185,355
185,43
185,42
185,354
5,212
185,7
269,234
269,233
325,289
325,288
325,287
185,353
5,211
185,352
269,232
269,231
265,10
325,286
325,285
325,320
325,284
5,210
185,351
5,209
185,350
5,208
5,207
269,256
269,230
269,229
325,283
325,282
325,281
325,280
185,349
5,206
5,205
185,348
269,228
269,227
325,279
325,278
185,347
185,346
5,204
269,226
269,225
325,277
325,276
325,275
185,345
5,203
185,344
269,224
269,223
325,274
5,202
185,343
5,201
185,342
5,200
5,199
269,222
269,221
325,273
325,272
185,341
5,198
5,197
185,340
269,220
269,219
269,218
325,271
325,270
325,47
325,46
325,269
325,268
325,267
185,339
185,338
5,196
269,217
269,216
325,266
325,265
325,264
325,263
185,337
5,195
185,336
269,215
269,214
325,262
325,261
325,260
5,191
185,335
5,190
185,334
5,189
5,188
269,213
269,212
325,259
325,254
325,253
325,252
185,333
5,187
5,194
185,332
265,9
269,211
269,210
325,251
325,258
325,250
325,49
325,44
185,331
185,330
5,186
269,209
269,208
269,207
325,249
325,248
325,247
185,329
5,185
185,328
269,206
269,205
269,204
325,246
325,245
325,244
325,243
325,242
5,184
185,327
5,183
185,326
5,182
5,181
400,15
265,8
269,203
269,202
325,241
325,240
325,48
325,239
185,325
5,180
5,193
185,324
269,201
269,200
325,238
325,237
185,323
185,322
5,179
269,199
269,198
325,236
325,235
325,234
185,321
5,178
185,320
269,197
269,196
269,195
325,233
325,232
325,231
5,177
185,319
5,176
185,318
5,175
5,174
400,14
269,194
269,193
325,257
325,230
325,229
325,228
185,317
5,173
5,192
185,316
269,191
269,190
325,256
325,227
185,315
5,43
5,42
185,314
5,41
5,172
269,189
269,188
325,226
325,225
325,224
185,313
5,171
185,312
269,187
269,186
325,223
325,222
5,170
185,311
5,169
185,310
5,168
5,167
269,185
269,184
269,183
325,221
325,220
325,219
185,309
5,166
5,165
185,308
4294967278,291
4294967278,290
269,182
269,181
325,218
325,217
325,216
185,307
4294967278,288
185,306
5,164
269,180
269,179
269,178
325,215
325,214
325,213
185,305
5,163
185,304
4294967278,229
4294967278,255
4294967278,225
424,15
269,177
269,176
325,212
325,211
325,210
325,209
325,208
5,162
185,303
4294967278,221
4294967278,219
5,161
185,302
4294967279,331
5,160
5,159
185,40
269,175
269,174
4294967278,379
325,207
185,5
4294967278,378
185,301
5,158
5,157
185,300
4294967278,376
4294967278,375
269,192
269,173
269,172
325,206
325,42
325,40
185,299
4294967279,447
185,298
5,156
4294967279,445
4294967279,443
4294967279,442
181,16
269,171
269,170
325,205
325,204
325,203
185,297
5,155
185,296
4294967279,436
4294967278,370
4294967279,434
269,169
269,168
4294967279,431
4294967279,429
325,202
325,201
325,200
325,199
5,154
185,295
5,153
185,294
5,152
4294967278,365
4294967279,427
5,151
269,167
269,166
325,198
325,197
325,196
185,293
5,150
5,149
4294967278,361
185,292
269,165
269,164
325,195
325,194
325,193
185,291
185,290
5,148
4294967278,357
4294967279,421
4294967278,355
4294967279,420
4294967279,416
4294967279,412
269,163
269,162
269,161
4294967278,353
325,192
325,191
325,190
185,289
4294967279,411
5,147
185,288
181,15
181,14
181,13
181,5
4294967279,433
269,160
269,159
4294967278,350
325,189
325,188
325,187
5,146
185,287
4294967278,349
4294967279,405
5,145
185,286
5,144
5,143
4294967279,402
4294967279,423
269,158
269,157
185,285
5,142
5,141
185,284
4294967278,348
181,12
269,156
269,155
269,154
4294967279,398
4294967278,339
325,186
325,185
325,5
4294967278,338
185,283
4294967278,337
4294967278,336
4294967278,335
4294967278,334
185,282
5,140
4294967278,332
4294967278,331
4294967279,396
269,153
269,152
325,184
325,183
185,281
5,139
5,40
185,280
5,39
4294967278,572
4294967278,368
4294967279,384
269,151
269,150
269,149
4294967278,569
325,43
325,41
325,7
325,6
325,182
325,181
5,138
185,279
5,137
185,278
4294967279,319
5,136
5,135
4294967278,567
4294967278,564
4294967279,425
400,13
400,12
4294967278,561
269,148
269,147
325,180
325,179
185,277
5,134
5,133
185,276
4294967279,289
181,11
4294967278,558
4294967278,555
4294967279,287
4294967279,285
4294967278,551
4294967279,283
4294967279,282
4294967279,281
4294967279,407
4294967278,373
181,10
4294967278,549
4294967279,277
4294967278,243
4294967279,276
4294967279,268
4294967278,546
4294967278,545
4294967279,388
4294967278,542
4294967278,540
4294967278,539
4294967278,537
4294967278,536
4294967279,261
4294967278,535
4294967278,534
4294967279,257
4294967279,256
4294967279,252
4294967279,379
4294967279,251
4294967278,532
4294967278,531
4294967278,318
4294967279,247
4294967278,530
4294967279,245
4294967278,529
4294967278,528
4294967278,527
4294967278,526
4294967279,243
4294967278,525
4294967279,241
269,146
269,145
4294967279,235
325,178
325,177
4294967279,233
4294967279,231
185,275
4294967278,524
4294967278,325
4294967278,322
4294967278,522
4294967278,520
185,274
5,132
4294967278,519
4294967279,229
4294967294,1483
4294967279,227
4294967293,131
4294967293,130
4294967293,129
4294967293,128
4294967293,127
4294967293,126
4294967293,125
4294967293,124
4294967293,123
4294967293,122
4294967293,121
4294967293,120
4294967293,119
4294967293,118
4294967293,117
4294967293,116
4294967293,115
4294967293,114
4294967293,113
4294967293,112
4294967293,111
4294967293,110
4294967293,109
4294967293,108
4294967293,107
4294967293,106
4294967293,105
4294967293,104
4294967293,103
4294967293,102
4294967293,101
4294967293,100
4294967293,99
4294967293,98
4294967293,97
4294967293,96
4294967293,95
4294967293,94
4294967293,93
4294967293,92
4294967293,91
4294967293,90
4294967293,89
4294967293,88
4294967293,87
4294967293,86
4294967293,85
4294967293,84
4294967293,83
4294967293,82
4294967293,81
4294967293,80
4294967293,79
4294967293,78
4294967293,77
4294967293,76
4294967293,75
4294967293,74
4294967293,73
4294967293,72
4294967293,71
4294967293,70
4294967293,69
4294967293,68
4294967293,67
4294967293,66
4294967293,65
4294967293,64
4294967293,63
4294967293,62
4294967293,61
